3 0.383500 0.103643 0.082625 0.185190
2 0.893727 0.661417 0.212547 0.269643
2 0.683430 0.745119 0.196391 0.200000
2 0.651836 0.581417 0.135141 0.157024
2 0.603711 0.440679 0.124453 0.136310
2 0.593992 0.334750 0.118609 0.125929
2 0.456414 0.328821 0.090422 0.125929
2 0.028656 0.727345 0.057313 0.256310
2 0.221133 0.136976 0.057359 0.106667
2 0.288711 0.161417 0.068047 0.105167
2 0.470508 0.227333 0.091391 0.080000
2 0.705789 0.885524 0.223609 0.228952
2 0.117133 0.929964 0.234266 0.140071
2 0.445727 0.674750 0.160422 0.198500
2 0.447187 0.500679 0.122500 0.176310
2 0.334398 0.396226 0.108891 0.112595
2 0.242531 0.282155 0.080687 0.112595
2 0.105023 0.500036 0.119109 0.212357
2 0.256531 0.595714 0.122344 0.159238
2 0.178359 0.807333 0.168187 0.226667
2 0.191484 0.397714 0.106938 0.136286
2 0.466133 0.181417 0.074859 0.074071
2 0.794750 0.465857 0.131250 0.148143
2 0.928430 0.377714 0.110828 0.149619
2 0.976367 0.518452 0.047266 0.158524
2 0.729125 0.313274 0.106937 0.115548
2 0.571625 0.240679 0.079719 0.100738
2 0.674680 0.158452 0.083609 0.093333
2 0.698016 0.251048 0.081656 0.103714
2 0.762664 0.147345 0.072922 0.091833
2 0.734961 0.101429 0.068047 0.080000
2 0.637250 0.071048 0.067094 0.063714
2 0.479750 0.094750 0.067094 0.087405
2 0.274125 0.068083 0.062219 0.069643
2 0.433555 0.830274 0.166891 0.193833
3 0.838500 0.232536 0.117625 0.194071
2 0.349469 0.318464 0.076812 0.125929
2 0.363086 0.238452 0.082641 0.093333
