1 0.165887 0.733868 0.186792 0.198895
1 0.363264 0.789447 0.151358 0.203842
1 0.605755 0.733289 0.185094 0.190263
1 0.857585 0.730237 0.122264 0.166684
1 0.734604 0.636421 0.070792 0.166632
1 0.645585 0.665421 0.133736 0.162947
1 0.418547 0.606737 0.129321 0.110000
1 0.348226 0.668474 0.133660 0.159368
1 0.243283 0.650632 0.065585 0.158000
1 0.126887 0.576474 0.103660 0.118632
1 0.225642 0.546921 0.102679 0.138263
1 0.307057 0.542605 0.077887 0.119737
1 0.221660 0.500632 0.094717 0.137053
1 0.333623 0.482711 0.097358 0.111105
1 0.398679 0.560500 0.108906 0.098789
1 0.509755 0.584553 0.086755 0.124684
1 0.483660 0.501237 0.101811 0.088895
1 0.578358 0.574684 0.103585 0.137053
1 0.649623 0.532105 0.113283 0.145684
