3 0.324130 0.094405 0.283712 0.169167
3 0.250552 0.533185 0.411271 0.652083
3 0.660569 0.365387 0.247625 0.474107
3 0.881087 0.277738 0.237826 0.419762
3 0.816639 0.143780 0.228194 0.218512
2 0.275920 0.816012 0.212241 0.251905
2 0.086288 0.823423 0.172575 0.271607
2 0.409114 0.771577 0.174816 0.195060
2 0.508645 0.726518 0.146388 0.211131
2 0.539866 0.698750 0.217124 0.303690
2 0.629682 0.620327 0.184515 0.245655
2 0.727508 0.599345 0.190067 0.245714
2 0.831906 0.544940 0.168562 0.319643
2 0.902659 0.489494 0.149130 0.228393
2 0.498244 0.512292 0.113077 0.195060
2 0.407726 0.157976 0.112375 0.153095
2 0.336622 0.187619 0.126957 0.155595
2 0.239498 0.171577 0.103344 0.118512
2 0.284950 0.240685 0.112375 0.111131
2 0.144816 0.242530 0.113779 0.141964
3 0.047776 0.174643 0.095552 0.337024
