2 0.295000 0.391940 0.115818 0.107377
2 0.234200 0.819098 0.229200 0.263005
2 0.562000 0.727732 0.202909 0.319727
2 0.902945 0.799344 0.191418 0.332131
2 0.815436 0.616011 0.182364 0.207432
2 0.526673 0.466011 0.160182 0.164153
2 0.272818 0.567869 0.194727 0.212350
2 0.275691 0.315410 0.103527 0.070383
2 0.448218 0.377104 0.110109 0.112350
2 0.446564 0.293169 0.139673 0.146885
2 0.274873 0.233279 0.108436 0.083934
2 0.680291 0.395000 0.122400 0.214809
2 0.737400 0.328962 0.123236 0.070383
2 0.693436 0.254290 0.106000 0.061694
2 0.404255 0.213552 0.117455 0.049399
2 0.303618 0.199973 0.082145 0.123443
3 0.470400 0.111694 0.116655 0.159235
