2 0.536782 0.888361 0.369709 0.223279
2 0.488982 0.775246 0.248436 0.245902
2 0.848491 0.775246 0.303018 0.400000
2 0.116818 0.880437 0.231673 0.237049
2 0.111400 0.739699 0.222800 0.275574
2 0.410109 0.592295 0.197164 0.250383
2 0.121255 0.512268 0.242509 0.241475
2 0.660509 0.454508 0.163636 0.220710
2 0.762055 0.650055 0.183382 0.309617
2 0.372655 0.418224 0.283927 0.201475
2 0.107945 0.277459 0.176473 0.145191
2 0.300182 0.284153 0.158691 0.146667
2 0.538764 0.298934 0.154764 0.155574
2 0.491436 0.234508 0.127164 0.165956
2 0.452018 0.204126 0.125200 0.137760
2 0.278000 0.177459 0.169600 0.114044
2 0.096618 0.178197 0.159709 0.097814
2 0.929836 0.350792 0.140327 0.182240
2 0.561418 0.094481 0.097600 0.149617
2 0.613673 0.135246 0.095636 0.139235
2 0.680218 0.155219 0.141964 0.134809
2 0.738400 0.218962 0.106473 0.149617
2 0.855218 0.324126 0.174509 0.214809
